393
393
393
393
393
392
392
387
387
384
384
381
381
379
379
376
376
375
375
373
372
371
370
369
368
368
366
366
365
365
364
364
362
362
361
361
360
360
358
358
357
357
355
355
354
354
353
353
352
352
350
350
350
350
348
348
347
347
345
345
344
344
343
343
342
342
341
341
340
340
338
338
338
338
337
337
336
336
335
335
334
334
333
333
333
333
331
331
331
331
331
331
327
327
327
327
327
327
327
327
311
311
311
312
312
312
312
312
312
312
312
312
312
312
312
312
312
312
312
312
312
312
312
312
312
312
312
312
312
312
312
312
312
312
312
312
312
312
312
312
312
312
312
312
312
312
312
312
312
312
312
312
312
312
312
312
312
312
312
312
312
312
312
312
312
312
312
312
311
311
311
311
311
311
311
311
311
311
311
311
311
311
311
311
311
311
311
311
311
311
311
311
311
311
311
310
310
310
310
303
308
308
308
308
308
308
308
308
308
308
308
308
308
308
308
308
307
307
307
308
309
309
309
309
309
309
309
307
307
306
306
306
306
306
306
306
306
306
306
306
306
306
306
306
306
306
306
306
306
306
306
306
306
306
306
306
306
306
306
306
306
306
306
306
306
306
306
306
306
306
306
306
306
306
306
306
306
306
306
306
306
306
306
306
306
306
306
306
306
306
306
306
306
306
306
306
306
306
306
300
309
309
309
309
309
309
309
309
309
309
309
309
309
309
309
309
309
309
309
309
309
309
309
309
309
309
309
309
309
309
309
309
309
309
309
306
306
304
304
303
303
303
303
303
302
302
302
302
302
302
302
302
302
302
302
302
302
302
302
302
302
302
302
302
302
302
302
302
302
302
302
302
302
302
302
302
302
302
302
302
302
302
302
302
302
302
302
302
302
302
302
302
302
302
302
302
302
302
302
302
311
311
311
311
311
311
311
311
311
311
311
310
309
309
309
309
308
308
308
308
308
308
308
308
307
307
307
307
307
307
307
307
307
307
307
307
307
307
307
307
307
307
307
307
307
307
307
307
307
307
307
307
307
307
307
307
307
307
307
307
307
307
307
307
307
307
307
307
307
307
307
307
307
307
307
307
307
307
307
307
307
307
307
307
307
307
306
306
305
305
305
305
304
304
304
304
304
304
304
301
308
308
308
308
308
308
308
308
308
308
308
308
308
308
308
308
308
308
308
308
308
308
308
308
308
308
308
308
308
308
308
308
308
308
308
308
307
307
306
306
306
306
306
306
306
305
305
305
305
304
304
304
304
304
304
304
304
304
304
304
304
304
304
304
304
304
304
304
304
304
304
304
304
304
304
304
304
304
304
304
304
304
304
304
304
304
304
304
304
304
304
304
304
304
304
304
304
304
304
301
318
318
318
318
317
317
317
317
317
316
316
316
316
316
315
315
315
315
315
315
315
315
315
314
314
314
314
314
314
313
313
313
313
313
313
313
313
313
313
312
312
312
312
312
312
312
312
311
311
311
311
311
311
311
311
311
311
310
310
310
310
310
310
310
310
310
310
310
310
310
310
310
310
309
309
309
309
309
309
309
309
308
308
308
308
308
308
308
308
308
308
308
308
308
308
308
308
308
307
307
308
308
308
308
308
308
308
308
308
308
308
